intrinsic:
2164.7830090041793 0.0 641.0320685847224 
0.0 2161.7071259318004 333.93070665707785 
0.0 0.0 1.0 
distortion:
-0.3517973145331169 1.4579509630689462 0.06912393131007873 0.018475723018088506 -24.51384300277585 
