intrinsic:
3121.9410757912133 0.0 969.2051517723949 
0.0 3054.388667800882 539.2276195523747 
0.0 0.0 1.0 
distortion:
-0.16649482837995644 0.7206742075009095 0.06681269348158429 0.021467144496501504 -80.34701188059377 
