intrinsic:
1058.4444469569216 0.0 652.2709132677993 
0.0 1055.570637520382 356.54369752361066 
0.0 0.0 1.0 
distortion:
-0.41361516426566425 0.21651792129677264 -0.0005307744971742204 -0.004234303231393848 -0.10374530839636677 
