intrinsic:
3827.525751047498 0.0 988.4865219418614 
0.0 3863.6973721859827 539.4811218948392 
0.0 0.0 1.0 
distortion:
-0.8937816248419109 8.488864130033766 0.03514306607745752 -0.05924502203830264 -130.39750176892838 
