intrinsic:
1145.4681381134465 0.0 598.9590442345228 
0.0 1105.4023788508678 361.32011137802175 
0.0 0.0 1.0 
distortion:
-0.0016983067977943897 -1.396569793837891 -0.005010652596346139 0.04542792343053629 2.155960945963043 
