intrinsic:
2175.9828875568587 0.0 650.1942678300446 
0.0 2259.6151449600866 375.4064869212292 
0.0 0.0 1.0 
distortion:
0.533089667893864 -14.221668524202324 0.04929869826676395 0.09328909903680851 74.45429031546524 
